TEST 0
A
0 -6 5 -7
4 7 -6 4
4 7 1 2
-2 -3 -3 -1
B
-6 -7 5 -2
4 -7 4 5
0 0 -8 -7
-8 3 0 3
C
32 21 -64 -86
-28 -65 96 81
-12 -71 40 26
8 32 2 7

TEST 1
A
6 0 1 -5
3 -8 -7 -7
0 -3 4 0
6 -2 4 7
B
-1 -4 -3 3
-6 -8 5 4
-4 1 2 3
2 0 -5 4
C
-20 -23 9 1
59 45 -28 -72
2 28 -7 0
4 -4 -55 50

TEST 2
A
-7 5 -2 0
-7 -8 4 -6
-2 3 7 5
-6 -1 -4 -1
B
-6 -7 -7 0
0 1 6 -3
2 1 3 -6
-2 -1 -4 6
C
38 52 73 -3
62 51 37 -36
16 19 33 -21
30 38 28 21

TEST 3
A
-8 4 -7 4
-5 -3 5 2
3 2 -8 -2
-4 0 2 5
B
-6 -5 2 0
4 1 0 -1
-5 -3 -3 -1
-7 -3 -6 -5
C
71 53 -19 -17
-21 1 -37 -12
44 17 42 16
-21 -1 -44 -27

TEST 4
A
-6 -5 1 -7
4 -4 7 0
2 3 -4 6
6 -3 -3 -7
B
-2 7 3 5
7 2 5 5
-6 3 5 -4
-7 4 3 2
C
20 -77 -59 -73
-78 41 27 -28
-1 32 19 53
34 -1 -33 13

TEST 5
A
7 -1 -4 -6
4 -8 -7 4
-7 -1 -3 3
3 -5 4 -3
B
0 -5 -2 -7
-2 2 -1 7
-5 1 -7 -1
7 1 2 6
C
-20 -47 3 -88
79 -39 57 -53
38 33 42 63
-31 -24 -35 -78

TEST 6
A
3 -7 0 2
-8 -6 -4 4
-7 4 0 4
2 5 5 -5
B
-7 7 -6 -3
-7 -8 -1 -1
-5 -4 -2 -1
-5 3 -5 -8
C
18 83 -21 -18
98 20 42 2
1 -69 18 -15
-49 -61 -2 24

TEST 7
A
2 7 6 0
-6 0 -1 -6
-6 6 -4 3
5 -4 5 2
B
5 4 -6 6
0 3 2 3
-8 -4 5 -3
4 3 2 7
C
-38 5 32 15
-46 -38 19 -75
14 19 34 15
-7 -6 -9 17

TEST 8
A
-6 -1 -6 -2
-2 -4 -2 -3
-6 -5 5 6
0 -1 5 -3
B
-7 -5 0 -7
-4 4 -5 -1
5 2 3 4
6 -5 0 -5
C
4 24 -13 29
2 5 14 25
123 -10 40 37
11 21 20 36

TEST 9
A
7 -4 0 -1
-6 0 -4 -6
-5 -8 3 2
-4 4 4 -1
B
-5 3 0 -3
-6 3 -7 -5
2 -7 0 1
-7 6 -1 2
C
-4 3 29 -3
64 -26 6 2
65 -48 54 62
11 -34 -27 -6

